bezier
0 -10 10 -10 10 10 0 10
bezier
0 0 -10 0 -10 20 0 20
bezier
0 -20 20 -20 20 20 0 20
bezier
0 -10 -20 -10 -20 30 0 30
bezier
0 -30 30 -30 30 30 0 30
bezier
0 -20 -30 -20 -30 40 0 40
bezier
0 -40 40 -40 40 40 0 40
bezier
0 -30 -40 -30 -40 50 0 50
bezier
0 -50 50 -50 50 50 0 50
bezier
0 -40 -50 -40 -50 60 0 60
bezier
0 -60 60 -60 60 60 0 60
bezier
0 -50 -60 -50 -60 70 0 70
bezier
0 -70 70 -70 70 70 0 70
bezier
0 -60 -70 -60 -70 80 0 80
bezier
0 -80 80 -80 80 80 0 80
bezier
0 -70 -80 -70 -80 90 0 90
bezier
0 -90 90 -90 90 90 0 90
bezier
0 -80 -90 -80 -90 100 0 100
bezier
0 -100 100 -100 100 100 0 100
bezier
0 -90 -100 -90 -100 110 0 110
bezier
0 -110 110 -110 110 110 0 110
bezier
0 -100 -110 -100 -110 120 0 120
bezier
0 -120 120 -120 120 120 0 120
bezier
0 -110 -120 -110 -120 130 0 130
bezier
0 -130 130 -130 130 130 0 130
bezier
0 -120 -130 -120 -130 140 0 140
bezier
0 -140 140 -140 140 140 0 140
bezier
0 -130 -140 -130 -140 150 0 150
bezier
0 -150 150 -150 150 150 0 150
bezier
0 -140 -150 -140 -150 160 0 160
bezier
0 -160 160 -160 160 160 0 160
bezier
0 -150 -160 -150 -160 170 0 170
bezier
0 -170 170 -170 170 170 0 170
bezier
0 -160 -170 -160 -170 180 0 180
bezier
0 -180 180 -180 180 180 0 180
bezier
0 -170 -180 -170 -180 190 0 190
bezier
0 -190 190 -190 190 190 0 190
bezier
0 -180 -190 -180 -190 200 0 200
bezier
0 -200 200 -200 200 200 0 200
bezier
0 -190 -200 -190 -200 210 0 210
bezier
0 -210 210 -210 210 210 0 210
bezier
0 -200 -210 -200 -210 220 0 220
bezier
0 -220 220 -220 220 220 0 220
bezier
0 -210 -220 -210 -220 230 0 230
bezier
0 -230 230 -230 230 230 0 230
bezier
0 -220 -230 -220 -230 240 0 240
bezier
0 -240 240 -240 240 240 0 240
bezier
0 -230 -240 -230 -240 250 0 250
bezier
0 -250 250 -250 250 250 0 250
bezier
0 -240 -250 -240 -250 260 0 260
bezier
0 -260 260 -260 260 260 0 260
bezier
0 -250 -260 -250 -260 270 0 270
bezier
0 -270 270 -270 270 270 0 270
bezier
0 -260 -270 -260 -270 280 0 280
bezier
0 -280 280 -280 280 280 0 280
bezier
0 -270 -280 -270 -280 290 0 290
bezier
0 -290 290 -290 290 290 0 290
bezier
0 -280 -290 -280 -290 300 0 300
bezier
0 -300 300 -300 300 300 0 300
bezier
0 -290 -300 -290 -300 310 0 310
bezier
0 -310 310 -310 310 310 0 310
bezier
0 -300 -310 -300 -310 320 0 320
bezier
0 -320 320 -320 320 320 0 320
bezier
0 -310 -320 -310 -320 330 0 330
bezier
0 -330 330 -330 330 330 0 330
bezier
0 -320 -330 -320 -330 340 0 340
bezier
0 -340 340 -340 340 340 0 340
bezier
0 -330 -340 -330 -340 350 0 350
bezier
0 -350 350 -350 350 350 0 350
bezier
0 -340 -350 -340 -350 360 0 360
bezier
0 -360 360 -360 360 360 0 360
bezier
0 -350 -360 -350 -360 370 0 370
bezier
0 -370 370 -370 370 370 0 370
bezier
0 -360 -370 -360 -370 380 0 380
bezier
0 -380 380 -380 380 380 0 380
bezier
0 -370 -380 -370 -380 390 0 390
bezier
0 -390 390 -390 390 390 0 390
bezier
0 -380 -390 -380 -390 400 0 400
bezier
0 -400 400 -400 400 400 0 400
bezier
0 -390 -400 -390 -400 410 0 410
bezier
0 -410 410 -410 410 410 0 410
bezier
0 -400 -410 -400 -410 420 0 420
bezier
0 -420 420 -420 420 420 0 420
bezier
0 -410 -420 -410 -420 430 0 430
bezier
0 -430 430 -430 430 430 0 430
bezier
0 -420 -430 -420 -430 440 0 440
bezier
0 -440 440 -440 440 440 0 440
bezier
0 -430 -440 -430 -440 450 0 450
bezier
0 -450 450 -450 450 450 0 450
bezier
0 -440 -450 -440 -450 460 0 460
bezier
0 -460 460 -460 460 460 0 460
bezier
0 -450 -460 -450 -460 470 0 470
bezier
0 -470 470 -470 470 470 0 470
bezier
0 -460 -470 -460 -470 480 0 480
bezier
0 -480 480 -480 480 480 0 480
bezier
0 -470 -480 -470 -480 490 0 490
bezier
0 -490 490 -490 490 490 0 490
bezier
0 -480 -490 -480 -490 500 0 500
bezier
0 -500 500 -500 500 500 0 500
bezier
0 -490 -500 -490 -500 510 0 510
bezier
0 -510 510 -510 510 510 0 510
bezier
0 -500 -510 -500 -510 520 0 520
bezier
0 -520 520 -520 520 520 0 520
bezier
0 -510 -520 -510 -520 530 0 530
bezier
0 -530 530 -530 530 530 0 530
bezier
0 -520 -530 -520 -530 540 0 540
bezier
0 -540 540 -540 540 540 0 540
bezier
0 -530 -540 -530 -540 550 0 550
bezier
0 -550 550 -550 550 550 0 550
bezier
0 -540 -550 -540 -550 560 0 560
bezier
0 -560 560 -560 560 560 0 560
bezier
0 -550 -560 -550 -560 570 0 570
bezier
0 -570 570 -570 570 570 0 570
bezier
0 -560 -570 -560 -570 580 0 580
bezier
0 -580 580 -580 580 580 0 580
bezier
0 -570 -580 -570 -580 590 0 590
bezier
0 -590 590 -590 590 590 0 590
bezier
0 -580 -590 -580 -590 600 0 600
bezier
0 -600 600 -600 600 600 0 600
bezier
0 -590 -600 -590 -600 610 0 610
bezier
0 -610 610 -610 610 610 0 610
bezier
0 -600 -610 -600 -610 620 0 620
bezier
0 -620 620 -620 620 620 0 620
bezier
0 -610 -620 -610 -620 630 0 630
bezier
0 -630 630 -630 630 630 0 630
bezier
0 -620 -630 -620 -630 640 0 640
bezier
0 -640 640 -640 640 640 0 640
bezier
0 -630 -640 -630 -640 650 0 650
bezier
0 -650 650 -650 650 650 0 650
bezier
0 -640 -650 -640 -650 660 0 660
bezier
0 -660 660 -660 660 660 0 660
bezier
0 -650 -660 -650 -660 670 0 670
bezier
0 -670 670 -670 670 670 0 670
bezier
0 -660 -670 -660 -670 680 0 680
bezier
0 -680 680 -680 680 680 0 680
bezier
0 -670 -680 -670 -680 690 0 690
bezier
0 -690 690 -690 690 690 0 690
bezier
0 -680 -690 -680 -690 700 0 700
bezier
0 -700 700 -700 700 700 0 700
bezier
0 -690 -700 -690 -700 710 0 710
bezier
0 -710 710 -710 710 710 0 710
bezier
0 -700 -710 -700 -710 720 0 720
bezier
0 -720 720 -720 720 720 0 720
bezier
0 -710 -720 -710 -720 730 0 730
bezier
0 -730 730 -730 730 730 0 730
bezier
0 -720 -730 -720 -730 740 0 740
bezier
0 -740 740 -740 740 740 0 740
bezier
0 -730 -740 -730 -740 750 0 750
bezier
0 -750 750 -750 750 750 0 750
bezier
0 -740 -750 -740 -750 760 0 760
bezier
0 -760 760 -760 760 760 0 760
bezier
0 -750 -760 -750 -760 770 0 770
bezier
0 -770 770 -770 770 770 0 770
bezier
0 -760 -770 -760 -770 780 0 780
bezier
0 -780 780 -780 780 780 0 780
bezier
0 -770 -780 -770 -780 790 0 790
bezier
0 -790 790 -790 790 790 0 790
bezier
0 -780 -790 -780 -790 800 0 800
bezier
0 -800 800 -800 800 800 0 800
bezier
0 -790 -800 -790 -800 810 0 810
bezier
0 -810 810 -810 810 810 0 810
bezier
0 -800 -810 -800 -810 820 0 820
bezier
0 -820 820 -820 820 820 0 820
bezier
0 -810 -820 -810 -820 830 0 830
bezier
0 -830 830 -830 830 830 0 830
bezier
0 -820 -830 -820 -830 840 0 840
bezier
0 -840 840 -840 840 840 0 840
bezier
0 -830 -840 -830 -840 850 0 850
bezier
0 -850 850 -850 850 850 0 850
bezier
0 -840 -850 -840 -850 860 0 860
bezier
0 -860 860 -860 860 860 0 860
bezier
0 -850 -860 -850 -860 870 0 870
bezier
0 -870 870 -870 870 870 0 870
bezier
0 -860 -870 -860 -870 880 0 880
bezier
0 -880 880 -880 880 880 0 880
bezier
0 -870 -880 -870 -880 890 0 890
bezier
0 -890 890 -890 890 890 0 890
bezier
0 -880 -890 -880 -890 900 0 900
bezier
0 -900 900 -900 900 900 0 900
bezier
0 -890 -900 -890 -900 910 0 910
bezier
0 -910 910 -910 910 910 0 910
bezier
0 -900 -910 -900 -910 920 0 920
bezier
0 -920 920 -920 920 920 0 920
bezier
0 -910 -920 -910 -920 930 0 930
bezier
0 -930 930 -930 930 930 0 930
bezier
0 -920 -930 -920 -930 940 0 940
bezier
0 -940 940 -940 940 940 0 940
bezier
0 -930 -940 -930 -940 950 0 950
bezier
0 -950 950 -950 950 950 0 950
bezier
0 -940 -950 -940 -950 960 0 960
bezier
0 -960 960 -960 960 960 0 960
bezier
0 -950 -960 -950 -960 970 0 970
bezier
0 -970 970 -970 970 970 0 970
bezier
0 -960 -970 -960 -970 980 0 980
bezier
0 -980 980 -980 980 980 0 980
bezier
0 -970 -980 -970 -980 990 0 990
bezier
0 -990 990 -990 990 990 0 990
bezier
0 -980 -990 -980 -990 1000 0 1000
bezier
0 -1000 1000 -1000 1000 1000 0 1000
bezier
0 -990 -1000 -990 -1000 1010 0 1010
ident
move
250 250 0
apply


display
save
img.png
